train-000166.jpg 1 803 638 383 117
train-000948.jpg 1 135 436 516 291
train-000543.jpg 1 166 214 127 53
train-000467.jpg 1 334 440 244 55
train-000456.jpg 1 516 382 157 71
train-000837.jpg 1 1086 524 304 404
train-000905.jpg 1 772 837 565 292
train-000818.jpg 1 508 463 165 165
train-001142.jpg 1 714 1213 726 230
train-000911.jpg 1 1502 672 829 564
train-001131.jpg 1 324 32 358 124
train-000650.jpg 1 219 382 415 192
train-000577.jpg 1 290 190 163 38
train-000594.jpg 1 263 231 123 42
train-000178.jpg 1 300 249 218 55
train-000623.jpg 1 290 243 119 38
train-000171.jpg 1 828 509 333 98
train-000279.jpg 1 870 645 912 282
train-000583.jpg 1 316 203 96 33
train-000558.jpg 1 1248 653 378 118
train-000845.jpg 1 640 550 280 180
train-000779.jpg 1 182 157 217 125
train-000978.jpg 1 440 760 288 205
train-000890.jpg 1 665 241 484 568
train-000124.jpg 1 247 194 147 33
train-000927.jpg 1 117 88 183 178
train-000477.jpg 1 108 249 87 21
train-000196.jpg 1 309 669 161 59
train-000508.jpg 1 206 116 188 40
train-000158.jpg 1 758 595 369 82
train-000679.jpg 1 382 287 294 136
train-000605.jpg 1 836 619 292 86
train-000923.jpg 1 53 238 104 81
train-000058.jpg 1 299 212 120 35
train-000323.jpg 1 565 1530 485 132
train-000236.jpg 1 764 748 1792 556
train-000722.jpg 1 754 249 563 421
train-000958.jpg 1 620 400 168 58
train-001068.jpg 1 764 872 868 232
train-000985.jpg 1 410 731 326 173
train-000138.jpg 1 272 216 123 46
train-000908.jpg 1 1161 747 615 604
train-000525.jpg 1 284 178 141 44
train-001057.jpg 1 867 537 852 260
train-000064.jpg 1 242 201 162 36
train-000417.jpg 1 620 324 398 107
train-000494.jpg 1 152 351 76 23
train-000689.jpg 1 306 341 355 133
train-000324.jpg 1 573 1478 442 133
train-001036.jpg 1 170 715 265 81
train-000816.jpg 1 555 364 180 199
train-000740.jpg 1 328 238 92 67
train-000884.jpg 1 561 201 1392 1012
train-000120.jpg 1 608 536 487 124
train-000063.jpg 1 265 242 123 32
train-000268.jpg 1 814 671 658 200
train-000436.jpg 1 381 337 151 48
train-000472.jpg 1 161 258 90 27
train-001096.jpg 1 609 439 1058 312
train-000603.jpg 1 798 501 394 90
train-000821.jpg 1 558 369 227 193
train-000416.jpg 1 681 577 426 94
train-000357.jpg 1 134 170 546 176
train-000473.jpg 1 141 288 104 36
train-001067.jpg 1 808 772 648 187
train-001202.jpg 1 783 661 119 59
train-000810.jpg 1 575 445 173 169
train-000458.jpg 1 274 428 170 46
train-000576.jpg 1 293 205 87 26
train-000218.jpg 1 375 374 222 70
train-000799.jpg 1 219 117 472 324
train-000509.jpg 1 304 172 80 29
train-001190.jpg 1 979 1439 713 286
train-000819.jpg 1 393 600 140 152
train-000103.jpg 1 366 903 584 191
train-000090.jpg 1 308 236 122 30
train-000326.jpg 1 625 1116 431 131
train-000128.jpg 1 254 238 158 36
train-000559.jpg 1 491 541 320 81
train-000553.jpg 1 241 87 110 32
train-001021.jpg 1 485 1024 731 213
train-000733.jpg 1 460 437 172 73
train-000661.jpg 1 802 1596 570 300
train-000887.jpg 1 481 147 412 392
train-000252.jpg 1 491 551 411 129
train-000827.jpg 1 160 746 166 216
train-000447.jpg 1 358 329 90 29
train-000486.jpg 1 144 323 75 24
train-000707.jpg 1 1266 900 938 341
train-000994.jpg 1 369 522 195 69
train-000852.jpg 1 815 636 353 192
train-000975.jpg 1 336 781 275 240
train-001066.jpg 1 733 816 936 240
train-000539.jpg 1 221 208 98 32
train-000817.jpg 1 510 433 164 186
train-000372.jpg 1 458 540 187 57
train-000505.jpg 1 833 488 201 64
train-000721.jpg 1 694 599 493 238
train-000808.jpg 1 530 338 205 192
train-001042.jpg 1 424 818 344 126
train-000962.jpg 1 221 226 65 26
train-000922.jpg 1 204 164 117 137
train-000601.jpg 1 756 633 353 121
train-000479.jpg 1 49 262 79 21
train-000516.jpg 1 294 222 124 39
train-000584.jpg 1 297 209 95 38
train-000167.jpg 1 638 601 389 88
train-000736.jpg 1 291 199 81 63
train-000133.jpg 1 295 213 145 52
train-000459.jpg 1 274 390 202 58
train-000057.jpg 1 246 187 142 36
train-000569.jpg 1 291 188 121 38
train-000201.jpg 1 515 333 194 63
train-000701.jpg 1 1256 1291 318 131
train-000853.jpg 1 736 1194 401 296
train-000850.jpg 1 701 309 319 227
train-000555.jpg 1 744 607 337 101
train-000199.jpg 1 285 633 226 77
train-000296.jpg 1 158 398 540 184
train-000076.jpg 1 719 536 355 97
train-000624.jpg 1 367 219 181 51
train-000015.jpg 1 198 158 145 40
train-000982.jpg 1 515 480 368 256
train-001037.jpg 1 471 971 402 104
train-000705.jpg 1 1178 821 773 619
train-000165.jpg 1 786 564 361 87
train-000424.jpg 1 386 384 106 37
train-000666.jpg 1 1074 990 527 438
train-000685.jpg 1 351 271 302 159
train-000247.jpg 1 843 516 324 98
train-001051.jpg 1 920 614 801 239
train-000899.jpg 1 1044 315 511 219
train-000237.jpg 1 584 728 1980 616
train-000840.jpg 1 1088 656 312 226
train-000562.jpg 1 143 187 87 29
train-000697.jpg 1 1374 1137 1000 693
train-000136.jpg 1 264 231 136 49
train-000123.jpg 1 384 184 193 54
train-000215.jpg 1 523 885 434 156
train-000079.jpg 1 771 521 337 105
train-001038.jpg 1 195 979 383 134
train-000099.jpg 1 244 230 167 43
train-001086.jpg 1 1017 2511 642 260
train-000737.jpg 1 177 316 98 69
train-000503.jpg 1 309 199 139 52
train-001186.jpg 1 470 1354 550 176
train-000613.jpg 1 723 548 391 104
train-000776.jpg 1 237 190 99 145
train-000451.jpg 1 267 334 205 44
train-000450.jpg 1 349 370 173 38
train-000065.jpg 1 248 228 142 36
train-000872.jpg 1 785 440 224 167
train-000551.jpg 1 271 190 140 48
train-000481.jpg 1 81 284 89 29
train-000406.jpg 1 299 255 91 25
train-000997.jpg 1 310 651 215 75
train-000585.jpg 1 271 204 97 34
train-001054.jpg 1 756 597 816 260
train-000126.jpg 1 254 123 130 38
train-000295.jpg 1 164 443 321 111
train-000959.jpg 1 155 301 93 30
train-000308.jpg 1 397 1078 372 112
train-000612.jpg 1 716 542 378 111
train-001011.jpg 1 184 293 158 50
train-000425.jpg 1 298 367 151 42
train-000868.jpg 1 746 504 238 122
train-001012.jpg 1 218 382 150 56
train-000142.jpg 1 256 201 175 50
train-000100.jpg 1 602 603 538 176
train-000667.jpg 1 438 1053 702 737
train-000615.jpg 1 717 592 373 117
train-000116.jpg 1 873 466 416 138
train-001192.jpg 1 654 1690 551 180
train-000645.jpg 1 454 315 234 188
train-000809.jpg 1 416 544 151 162
train-000177.jpg 1 447 316 161 46
train-000974.jpg 1 557 621 352 173
train-000758.jpg 1 209 273 226 169
train-000042.jpg 1 259 231 168 40
train-000609.jpg 1 778 570 425 118
train-000087.jpg 1 807 533 351 96
train-001117.jpg 1 742 538 321 109
train-000530.jpg 1 723 537 400 149
train-000757.jpg 1 193 206 224 156
train-000921.jpg 1 242 147 51 66
train-000483.jpg 1 134 333 72 21
train-000803.jpg 1 157 106 405 273
train-000060.jpg 1 346 235 136 38
train-000838.jpg 1 1146 652 140 154
train-000423.jpg 1 368 377 109 36
train-000039.jpg 1 250 184 84 27
train-000668.jpg 1 792 1210 580 380
train-000906.jpg 1 1085 570 640 455
train-000359.jpg 1 213 275 147 50
train-000112.jpg 1 717 624 534 120
train-000314.jpg 1 540 1145 326 105
train-000210.jpg 1 575 813 352 120
train-000764.jpg 1 285 176 205 158
train-000618.jpg 1 399 154 168 47
train-001126.jpg 1 428 115 306 93
train-000421.jpg 1 320 379 136 43
train-000180.jpg 1 976 920 584 186
train-000865.jpg 1 718 413 293 208
train-000604.jpg 1 799 591 395 92
train-000747.jpg 1 120 321 125 68
train-000437.jpg 1 390 409 130 46
train-000658.jpg 1 390 1200 542 560
train-000572.jpg 1 298 176 121 35
train-000373.jpg 1 6 288 220 68
train-000463.jpg 1 257 394 281 71
train-000676.jpg 1 371 282 211 192
train-000159.jpg 1 683 578 407 105
train-000849.jpg 1 697 862 300 252
train-000924.jpg 1 76 171 131 173
train-000866.jpg 1 651 468 354 208
train-000620.jpg 1 301 218 141 35
train-000238.jpg 1 940 532 1624 532
train-000979.jpg 1 178 749 326 200
train-000560.jpg 1 397 501 279 98
train-000426.jpg 1 250 416 140 44
train-000440.jpg 1 270 411 168 43
train-000233.jpg 1 600 848 2240 680
train-000107.jpg 1 430 654 450 132
train-000688.jpg 1 400 160 277 120
train-000549.jpg 1 288 119 150 45
train-000329.jpg 1 606 1424 429 130
train-000706.jpg 1 1031 965 1069 645
train-000671.jpg 1 628 1030 650 675
train-000432.jpg 1 343 337 128 42
train-000460.jpg 1 315 433 193 40
train-001026.jpg 1 655 827 494 179
train-000663.jpg 1 917 1134 555 461
train-000161.jpg 1 858 564 314 100
train-001173.jpg 1 143 135 133 43
train-000414.jpg 1 666 625 357 114
train-000528.jpg 1 861 563 295 85
train-000781.jpg 1 210 220 122 71
train-000470.jpg 1 153 237 96 27
train-001027.jpg 1 429 814 256 85
train-001052.jpg 1 1112 615 951 284
train-000916.jpg 1 101 118 192 174
train-000496.jpg 1 169 315 78 32
train-000980.jpg 1 443 541 240 232
train-000794.jpg 1 255 225 210 249
train-000925.jpg 1 89 184 125 109
train-000699.jpg 1 1123 1270 810 560
train-000284.jpg 1 600 438 1140 348
train-000531.jpg 1 266 177 166 58
train-000454.jpg 1 271 303 236 60
train-000046.jpg 1 344 209 135 36
train-000068.jpg 1 887 497 351 119
train-001206.jpg 1 306 659 176 60
train-000716.jpg 1 1025 662 360 319
train-000987.jpg 1 442 808 262 152
train-000756.jpg 1 235 193 236 187
train-000211.jpg 1 561 895 362 120
train-000888.jpg 1 519 151 650 390
train-000939.jpg 1 113 349 268 283
train-000179.jpg 1 423 230 151 64
train-000930.jpg 1 34 177 144 121
train-000115.jpg 1 822 500 459 157
train-000532.jpg 1 247 194 209 62
train-001175.jpg 1 398 293 141 50
train-000448.jpg 1 321 352 145 41
train-001113.jpg 1 276 407 292 92
train-000061.jpg 1 282 200 142 36
train-000561.jpg 1 461 464 280 90
train-000981.jpg 1 581 344 251 226
train-000524.jpg 1 258 221 160 48
train-000751.jpg 1 180 389 182 134
train-000488.jpg 1 147 326 85 30
train-000635.jpg 1 324 210 128 40
train-000602.jpg 1 761 586 427 98
train-000760.jpg 1 419 337 235 185
train-001022.jpg 1 477 1214 441 136
train-000216.jpg 1 539 567 400 140
train-000097.jpg 1 284 221 121 31
train-000991.jpg 1 304 447 251 85
train-000966.jpg 1 553 339 96 54
train-000522.jpg 1 239 231 162 54
train-000077.jpg 1 755 567 375 129
train-000400.jpg 1 354 156 125 34
train-000515.jpg 1 314 214 109 36
train-000920.jpg 1 151 110 65 69
train-000094.jpg 1 178 286 128 40
train-000798.jpg 1 127 334 461 237
train-000529.jpg 1 789 615 394 107
train-001010.jpg 1 195 315 130 45
train-000311.jpg 1 709 656 214 65
train-000265.jpg 1 1207 941 757 244
train-000036.jpg 1 212 220 108 28
train-000791.jpg 1 144 182 285 219
train-000630.jpg 1 250 315 109 51
train-000293.jpg 1 48 398 281 98
train-000404.jpg 1 251 220 121 33
train-000430.jpg 1 330 351 215 54
train-000607.jpg 1 771 580 459 140
train-000744.jpg 1 362 491 98 41
train-001172.jpg 1 182 180 151 50
train-000608.jpg 1 752 650 362 108
train-000870.jpg 1 725 516 303 132
train-000637.jpg 1 381 260 149 45
train-000891.jpg 1 805 41 1328 956
train-000864.jpg 1 703 412 317 218
train-001187.jpg 1 680 1476 814 266
train-000954.jpg 1 91 165 51 23
train-000795.jpg 1 244 181 237 284
train-000337.jpg 1 165 153 123 36
train-000789.jpg 1 301 233 264 238
train-000512.jpg 1 262 193 139 37
train-001039.jpg 1 363 931 444 132
train-000026.jpg 1 254 100 133 37
train-000855.jpg 1 542 1263 356 323
train-000485.jpg 1 89 336 79 23
train-000162.jpg 1 731 562 456 134
train-000032.jpg 1 241 157 123 33
train-000696.jpg 1 1693 1255 583 388
train-000652.jpg 1 328 364 201 71
train-000407.jpg 1 304 191 116 39
train-000005.jpg 1 251 243 110 30
train-001176.jpg 1 625 204 141 66
train-000504.jpg 1 638 379 361 91
train-000833.jpg 1 1002 552 386 328
train-000239.jpg 1 700 648 1912 600
train-000469.jpg 1 150 241 90 29
train-000388.jpg 1 428 716 391 111
train-000973.jpg 1 256 811 277 125
train-001083.jpg 1 1561 1351 904 334
train-000910.jpg 1 1379 703 823 713
train-000141.jpg 1 257 212 153 38
train-000446.jpg 1 329 389 114 42
train-000235.jpg 1 1264 796 1740 560
train-000598.jpg 1 703 563 377 139
train-000152.jpg 1 738 563 418 92
train-000977.jpg 1 509 765 272 182
train-000048.jpg 1 329 199 84 29
train-001191.jpg 1 526 1608 965 329
train-001207.jpg 1 827 707 165 97
train-001084.jpg 1 1493 947 1190 470
train-000129.jpg 1 274 235 164 53
train-000374.jpg 1 234 96 222 61
train-000082.jpg 1 792 611 358 79
train-000412.jpg 1 284 197 146 49
train-000836.jpg 1 1038 560 356 424
train-000765.jpg 1 176 158 207 149
train-000075.jpg 1 736 508 430 100
train-000571.jpg 1 236 131 115 35
train-000944.jpg 1 282 651 286 152
train-001025.jpg 1 929 901 672 216
train-000212.jpg 1 516 617 378 112
train-000148.jpg 1 273 216 163 40
train-000648.jpg 1 569 422 190 140
train-000140.jpg 1 244 193 142 40
train-000095.jpg 1 734 572 388 104
train-000385.jpg 1 449 811 345 105
train-000164.jpg 1 776 526 369 81
train-000703.jpg 1 1890 610 767 350
train-000660.jpg 1 694 1300 548 596
train-000510.jpg 1 275 136 144 33
train-000169.jpg 1 769 594 373 90
train-000834.jpg 1 1399 952 246 183
train-000149.jpg 1 289 203 156 47
train-000782.jpg 1 302 237 153 88
train-000581.jpg 1 272 264 98 33
train-000500.jpg 1 178 339 75 24
train-000150.jpg 1 272 210 170 53
train-000873.jpg 1 755 472 236 210
train-000563.jpg 1 124 141 167 52
train-000312.jpg 1 589 1075 333 102
train-000156.jpg 1 690 589 396 97
train-000468.jpg 1 323 373 267 52
train-000755.jpg 1 351 337 187 127
train-000983.jpg 1 533 472 352 301
train-000945.jpg 1 647 395 287 280
train-001112.jpg 1 222 352 152 47
train-000222.jpg 1 400 437 245 65
train-000221.jpg 1 352 390 249 67
train-000369.jpg 1 546 648 442 139
train-000917.jpg 1 165 162 110 78
train-000476.jpg 1 254 318 77 25
train-000449.jpg 1 339 362 136 33
train-000031.jpg 1 275 213 86 25
train-000879.jpg 1 283 69 517 405
train-000413.jpg 1 695 563 385 98
train-000929.jpg 1 16 102 216 156
train-000926.jpg 1 64 101 197 170
train-000027.jpg 1 257 199 78 21
train-000796.jpg 1 202 222 521 300
train-000493.jpg 1 151 329 84 27
train-000444.jpg 1 382 366 129 34
train-001201.jpg 1 416 668 145 54
train-000409.jpg 1 241 220 143 43
train-000639.jpg 1 279 293 316 172
train-000775.jpg 1 97 113 176 92
train-000527.jpg 1 650 601 526 147
train-000441.jpg 1 219 375 269 55
train-000498.jpg 1 163 319 75 27
train-000677.jpg 1 376 282 190 169
train-000783.jpg 1 305 266 145 97
train-000122.jpg 1 310 253 198 57
train-000382.jpg 1 440 792 295 87
train-000746.jpg 1 347 239 134 89
train-000616.jpg 1 600 281 439 131
train-000184.jpg 1 1006 706 507 164
train-000862.jpg 1 642 472 313 140
train-000600.jpg 1 780 558 396 134
train-000867.jpg 1 662 444 326 199
train-000790.jpg 1 89 143 248 221
train-000936.jpg 1 527 127 349 236
train-000641.jpg 1 213 225 268 152
train-000098.jpg 1 251 191 200 48
train-000976.jpg 1 392 731 547 309
train-000946.jpg 1 226 575 594 332
train-000565.jpg 1 922 516 306 113
train-000134.jpg 1 301 214 142 45
train-000564.jpg 1 495 425 294 91
train-000067.jpg 1 282 206 157 46
train-000034.jpg 1 245 150 131 42
train-001055.jpg 1 1374 657 750 242
train-000354.jpg 1 88 428 375 120
train-000854.jpg 1 485 828 441 254
train-000533.jpg 1 331 271 88 28
train-000815.jpg 1 534 312 189 219
train-000106.jpg 1 350 546 521 125
train-000814.jpg 1 538 370 189 209
train-000898.jpg 1 1304 631 769 535
train-000040.jpg 1 332 185 98 21
train-000253.jpg 1 504 576 477 134
train-000752.jpg 1 280 341 178 124
train-000863.jpg 1 580 387 358 289
train-001097.jpg 1 600 639 804 259
train-000554.jpg 1 773 685 401 143
train-000145.jpg 1 268 190 137 35
train-000998.jpg 1 370 430 191 65
train-000084.jpg 1 779 512 345 85
train-000045.jpg 1 276 182 130 35
train-000341.jpg 1 96 110 93 29
train-000590.jpg 1 296 225 124 35
train-000292.jpg 1 261 383 255 90
train-000588.jpg 1 288 227 146 38
train-000029.jpg 1 295 193 102 27
train-001161.jpg 1 236 534 684 222
train-001130.jpg 1 385 224 300 99
train-000640.jpg 1 280 328 296 179
train-000548.jpg 1 284 187 139 37
train-000724.jpg 1 800 528 450 320
train-000772.jpg 1 322 159 174 148
train-000072.jpg 1 821 591 361 95
train-000941.jpg 1 333 449 257 169
train-000147.jpg 1 270 214 175 51
train-000151.jpg 1 758 562 400 126
train-000419.jpg 1 559 658 302 99
train-000800.jpg 1 214 117 378 255
train-000135.jpg 1 284 216 147 39
train-000105.jpg 1 788 712 491 144
train-000963.jpg 1 159 116 59 24
train-000401.jpg 1 230 213 80 21
train-001116.jpg 1 919 601 283 102
train-000328.jpg 1 565 1059 500 156
train-000886.jpg 1 741 301 940 936
train-000619.jpg 1 300 290 147 48
train-001146.jpg 1 369 600 961 291
train-000217.jpg 1 340 375 269 77
train-000967.jpg 1 239 281 100 43
train-000030.jpg 1 280 135 123 39
train-000753.jpg 1 246 221 191 120
train-000044.jpg 1 308 215 107 26
train-000371.jpg 1 1090 696 450 128
train-000535.jpg 1 249 239 92 24
train-000020.jpg 1 499 479 310 75
train-000003.jpg 1 268 204 105 27
train-000893.jpg 1 929 317 552 416
train-000672.jpg 1 511 780 657 369
train-000016.jpg 1 276 182 152 42
train-000495.jpg 1 145 336 81 27
train-000056.jpg 1 273 257 137 36
train-000621.jpg 1 516 237 137 57
train-000004.jpg 1 219 215 134 34
train-000445.jpg 1 375 343 172 35
train-000085.jpg 1 839 359 361 98
train-000353.jpg 1 470 355 303 95
train-000466.jpg 1 315 420 249 55
train-000567.jpg 1 687 302 367 108
train-000961.jpg 1 119 222 75 27
train-000403.jpg 1 268 105 97 25
train-001007.jpg 1 194 257 162 76
train-000984.jpg 1 525 677 315 192
train-000586.jpg 1 297 215 75 22
train-000770.jpg 1 295 181 231 115
train-000719.jpg 1 684 489 515 405
train-000475.jpg 1 150 274 89 34
train-000069.jpg 1 832 632 345 94
train-000339.jpg 1 75 88 130 57
train-000610.jpg 1 732 527 391 140
train-000717.jpg 1 914 627 499 373
train-000041.jpg 1 321 215 89 23
train-000611.jpg 1 783 558 374 130
train-000993.jpg 1 132 438 225 81
train-000596.jpg 1 257 209 152 42
train-000964.jpg 1 254 116 47 26
train-000940.jpg 1 593 454 345 258
train-000935.jpg 1 648 430 179 113
train-000461.jpg 1 263 388 194 51
train-001174.jpg 1 172 211 137 43
train-000200.jpg 1 312 959 291 82
train-000018.jpg 1 680 581 428 84
train-001115.jpg 1 114 49 151 50
train-000885.jpg 1 485 371 452 300
train-000566.jpg 1 695 478 212 64
train-000738.jpg 1 181 544 76 30
train-000013.jpg 1 273 184 93 27
train-000277.jpg 1 542 720 776 266
train-000254.jpg 1 437 511 455 143
train-000507.jpg 1 674 548 323 88
train-000054.jpg 1 294 185 122 39
train-000614.jpg 1 766 541 390 119
train-000928.jpg 1 307 164 143 127
train-000471.jpg 1 78 253 97 33
train-000540.jpg 1 274 228 124 37
train-000224.jpg 1 340 384 266 77
train-000083.jpg 1 816 554 340 96
train-000955.jpg 1 97 147 75 30
train-000297.jpg 1 418 940 679 239
train-000137.jpg 1 271 209 126 42
train-000264.jpg 1 532 825 551 182
train-000687.jpg 1 406 328 280 156
train-001053.jpg 1 555 1076 708 207
train-000163.jpg 1 805 477 355 109
train-000919.jpg 1 165 80 162 169
train-000829.jpg 1 487 757 262 195
train-000281.jpg 1 705 387 1047 318
train-000552.jpg 1 245 187 139 40
train-000384.jpg 1 351 838 329 104
train-000587.jpg 1 316 203 121 43
train-000996.jpg 1 358 447 178 66
train-000956.jpg 1 332 300 98 58
train-000038.jpg 1 289 192 96 27
train-000172.jpg 1 953 470 395 165
train-000465.jpg 1 373 369 128 39
train-000402.jpg 1 285 178 113 29
train-000728.jpg 1 709 585 413 334
train-000715.jpg 1 974 554 314 219
train-000175.jpg 1 269 277 184 51
train-000907.jpg 1 636 396 788 366
train-001156.jpg 1 188 320 628 236
train-000848.jpg 1 483 690 367 235
train-000542.jpg 1 261 228 98 31
train-000011.jpg 1 329 109 99 29
train-000754.jpg 1 275 300 226 152
train-000121.jpg 1 215 182 143 47
train-000307.jpg 1 240 638 278 87
train-000629.jpg 1 287 177 109 40
train-001171.jpg 1 51 283 147 52
train-000185.jpg 1 1090 656 366 144
train-000595.jpg 1 259 192 144 38
train-000050.jpg 1 280 205 94 32
train-000434.jpg 1 357 317 183 65
train-001189.jpg 1 815 1389 862 234
train-000759.jpg 1 240 190 201 174
train-000536.jpg 1 271 225 92 32
train-000092.jpg 1 360 221 133 35
train-000160.jpg 1 737 587 400 126
train-000523.jpg 1 276 201 141 41
train-000704.jpg 1 918 845 1337 595
train-000511.jpg 1 241 184 158 54
train-001114.jpg 1 281 195 145 49
train-000521.jpg 1 308 226 124 37
train-000025.jpg 1 200 211 126 32
train-000780.jpg 1 142 145 222 113
train-000686.jpg 1 351 301 300 103
train-000892.jpg 1 643 271 1086 512
train-000514.jpg 1 323 199 126 36
train-000625.jpg 1 251 237 158 45
train-000344.jpg 1 39 70 115 40
train-000443.jpg 1 295 317 203 51
train-000550.jpg 1 230 201 182 59
train-000889.jpg 1 625 509 1052 648
train-001071.jpg 1 932 848 648 224
train-000734.jpg 1 218 348 149 72
train-000903.jpg 1 889 824 604 335
train-000435.jpg 1 379 299 131 42
train-000428.jpg 1 338 409 170 49
train-000678.jpg 1 387 311 236 171
train-000352.jpg 1 264 715 289 87
train-000644.jpg 1 325 299 307 186
train-000278.jpg 1 1074 384 951 321
train-000762.jpg 1 344 281 189 154
train-001008.jpg 1 165 444 185 65
train-000773.jpg 1 339 219 154 69
train-000111.jpg 1 588 587 570 152
train-001085.jpg 1 882 2353 587 182
train-000720.jpg 1 718 491 497 240
train-000154.jpg 1 794 508 380 126
train-001162.jpg 1 200 446 626 194
train-000420.jpg 1 673 606 458 127
train-000037.jpg 1 279 168 89 26
train-001069.jpg 1 1114 754 498 178
train-000638.jpg 1 790 534 318 112
train-000047.jpg 1 307 239 112 26
train-000248.jpg 1 403 494 432 120
train-000631.jpg 1 352 249 135 49
train-000792.jpg 1 66 175 299 209
train-000146.jpg 1 203 141 219 50
train-000861.jpg 1 704 319 401 250
train-000592.jpg 1 279 194 160 48
train-000965.jpg 1 339 489 139 61
train-000501.jpg 1 201 197 215 55
train-000545.jpg 1 240 211 135 34
train-000251.jpg 1 481 498 454 148
train-000127.jpg 1 308 239 143 30
train-000049.jpg 1 325 225 99 26
train-000992.jpg 1 345 610 217 76
train-000918.jpg 1 81 208 102 99
train-000593.jpg 1 264 219 116 31
train-000739.jpg 1 803 85 96 98
train-000298.jpg 1 246 620 836 286
train-000283.jpg 1 660 324 1110 342
train-000043.jpg 1 261 227 117 33
train-000599.jpg 1 848 574 319 87
train-000455.jpg 1 328 357 106 33
train-001188.jpg 1 796 1553 793 280
