train-000166.jpg 1 281 222 144 49
train-000948.jpg 1 65 253 358 217
train-000543.jpg 1 160 208 137 63
train-000467.jpg 1 262 347 203 52
train-000456.jpg 1 406 299 136 67
train-000905.jpg 1 182 198 153 86
train-001142.jpg 1 202 349 226 80
train-001131.jpg 1 194 12 238 92
train-000650.jpg 1 141 257 322 163
train-000577.jpg 1 286 186 170 45
train-000594.jpg 1 258 226 131 50
train-000178.jpg 1 235 194 182 52
train-000623.jpg 1 229 191 101 36
train-000171.jpg 1 291 177 125 42
train-000279.jpg 1 207 152 238 82
train-000583.jpg 1 312 199 102 39
train-000558.jpg 1 440 228 143 50
train-000779.jpg 1 169 144 242 150
train-000124.jpg 1 243 190 153 39
train-000477.jpg 1 135 315 116 31
train-000196.jpg 1 251 549 142 57
train-000508.jpg 1 202 112 196 48
train-000158.jpg 1 267 209 136 34
train-000679.jpg 1 235 174 205 104
train-000605.jpg 1 295 218 110 36
train-000058.jpg 1 295 208 127 42
train-000323.jpg 1 163 449 150 46
train-000236.jpg 1 138 135 372 130
train-000958.jpg 1 430 276 125 48
train-001068.jpg 1 182 209 225 68
train-000985.jpg 1 157 285 143 82
train-000138.jpg 1 267 211 132 55
train-000525.jpg 1 279 173 149 52
train-001057.jpg 1 207 125 222 76
train-000064.jpg 1 238 197 169 43
train-000417.jpg 1 217 111 149 45
train-000494.jpg 1 191 446 102 34
train-000689.jpg 1 186 209 244 102
train-000324.jpg 1 165 434 138 46
train-001036.jpg 1 79 348 137 46
train-000120.jpg 1 212 186 181 52
train-000063.jpg 1 261 238 129 38
train-000268.jpg 1 198 162 174 60
train-000436.jpg 1 300 265 127 45
train-000472.jpg 1 202 326 121 40
train-001096.jpg 1 180 127 349 116
train-000603.jpg 1 281 174 146 38
train-000416.jpg 1 239 202 158 39
train-000357.jpg 1 58 76 290 105
train-000473.jpg 1 175 363 142 55
train-001067.jpg 1 194 185 169 55
train-001202.jpg 1 383 323 63 34
train-000458.jpg 1 215 338 143 43
train-000576.jpg 1 290 202 92 31
train-000218.jpg 1 245 244 157 55
train-000509.jpg 1 301 169 85 34
train-001190.jpg 1 185 276 150 67
train-000103.jpg 1 95 244 172 63
train-000090.jpg 1 243 185 101 28
train-000326.jpg 1 181 326 134 45
train-000128.jpg 1 250 234 165 43
train-000559.jpg 1 172 190 119 33
train-000553.jpg 1 237 83 116 38
train-001021.jpg 1 115 250 192 63
train-000733.jpg 1 170 161 69 32
train-000661.jpg 1 192 391 157 90
train-000252.jpg 1 190 214 174 61
train-000447.jpg 1 283 260 76 27
train-000486.jpg 1 181 410 102 36
train-000707.jpg 1 190 133 155 62
train-000994.jpg 1 257 366 147 58
train-000852.jpg 1 196 152 96 56
train-001066.jpg 1 174 195 242 70
train-000539.jpg 1 217 204 104 38
train-000372.jpg 1 257 304 112 38
train-000505.jpg 1 294 171 75 26
train-000721.jpg 1 208 179 168 88
train-001042.jpg 1 201 395 181 74
train-000962.jpg 1 396 405 127 56
train-000601.jpg 1 265 221 134 51
train-000479.jpg 1 59 332 106 31
train-000516.jpg 1 290 218 131 46
train-000584.jpg 1 293 205 102 45
train-000167.jpg 1 223 210 144 37
train-000736.jpg 1 189 127 62 50
train-000133.jpg 1 289 207 155 62
train-000459.jpg 1 214 307 170 55
train-000057.jpg 1 242 183 149 43
train-000569.jpg 1 287 184 128 45
train-000201.jpg 1 318 204 128 46
train-000701.jpg 1 192 198 53 24
train-000555.jpg 1 261 212 127 43
train-000199.jpg 1 211 476 183 69
train-000296.jpg 1 111 303 461 176
train-000076.jpg 1 252 187 132 40
train-000624.jpg 1 289 171 152 48
train-000015.jpg 1 194 154 153 48
train-001037.jpg 1 225 472 207 61
train-000165.jpg 1 276 197 134 37
train-000424.jpg 1 305 304 89 34
train-000685.jpg 1 213 162 213 121
train-000247.jpg 1 333 202 136 46
train-001051.jpg 1 221 145 208 70
train-000899.jpg 1 251 71 136 64
train-000237.jpg 1 102 130 412 144
train-000562.jpg 1 140 184 92 34
train-000136.jpg 1 259 226 145 58
train-000123.jpg 1 378 178 203 64
train-000215.jpg 1 216 370 198 79
train-000079.jpg 1 271 182 127 44
train-001038.jpg 1 82 440 187 73
train-000099.jpg 1 239 225 175 51
train-001086.jpg 1 153 385 107 48
train-000503.jpg 1 303 193 149 62
train-001186.jpg 1 88 261 113 40
train-000613.jpg 1 254 191 146 44
train-000451.jpg 1 209 263 171 42
train-000450.jpg 1 276 293 144 36
train-000065.jpg 1 244 224 149 43
train-000551.jpg 1 266 185 149 57
train-000481.jpg 1 99 359 120 44
train-000406.jpg 1 296 252 96 30
train-000997.jpg 1 214 456 162 63
train-000585.jpg 1 267 200 103 40
train-001054.jpg 1 179 140 213 76
train-000126.jpg 1 250 119 137 45
train-000295.jpg 1 122 345 273 105
train-000959.jpg 1 220 432 143 51
train-000308.jpg 1 125 348 128 43
train-000612.jpg 1 251 189 142 46
train-001011.jpg 1 179 288 168 60
train-000425.jpg 1 234 289 126 39
train-000868.jpg 1 293 196 104 57
train-001012.jpg 1 212 376 161 67
train-000142.jpg 1 251 196 185 60
train-000100.jpg 1 208 208 204 74
train-000615.jpg 1 251 206 141 49
train-000116.jpg 1 306 161 157 58
train-001192.jpg 1 124 327 115 42
train-000177.jpg 1 353 248 135 43
train-000974.jpg 1 215 241 153 82
train-000042.jpg 1 255 227 176 48
train-000609.jpg 1 272 198 159 50
train-000087.jpg 1 284 186 131 40
train-001117.jpg 1 347 250 162 61
train-000530.jpg 1 252 185 152 63
train-000483.jpg 1 168 423 97 31
train-000060.jpg 1 342 231 143 45
train-000423.jpg 1 291 298 92 33
train-000039.jpg 1 247 181 89 32
train-000906.jpg 1 255 128 180 134
train-000359.jpg 1 148 192 112 42
train-000112.jpg 1 251 217 198 50
train-000314.jpg 1 198 425 129 46
train-000210.jpg 1 239 340 160 61
train-000618.jpg 1 315 119 141 44
train-001126.jpg 1 261 65 202 69
train-000421.jpg 1 252 299 114 40
train-000604.jpg 1 281 207 147 38
train-000747.jpg 1 75 209 92 54
train-000437.jpg 1 308 323 111 43
train-000572.jpg 1 294 172 128 42
train-000373.jpg 1 -1 179 148 51
train-000463.jpg 1 199 309 235 67
train-000159.jpg 1 239 202 152 44
train-000866.jpg 1 251 178 157 99
train-000620.jpg 1 237 171 117 33
train-000238.jpg 1 173 93 338 124
train-000979.jpg 1 63 291 146 96
train-000560.jpg 1 137 174 106 42
train-000426.jpg 1 196 328 119 42
train-000440.jpg 1 212 324 140 40
train-000233.jpg 1 103 152 465 159
train-000107.jpg 1 148 228 169 56
train-000688.jpg 1 248 94 192 91
train-000549.jpg 1 283 114 159 54
train-000329.jpg 1 175 418 134 45
train-000432.jpg 1 270 265 108 39
train-000460.jpg 1 248 342 160 38
train-001026.jpg 1 158 201 131 52
train-000161.jpg 1 302 197 119 42
train-001173.jpg 1 108 101 110 39
train-000414.jpg 1 233 219 135 48
train-000528.jpg 1 304 198 111 36
train-000781.jpg 1 202 212 136 85
train-000470.jpg 1 191 299 128 40
train-001027.jpg 1 143 274 92 34
train-001052.jpg 1 267 144 248 84
train-000496.jpg 1 212 399 107 48
train-000284.jpg 1 139 99 298 102
train-000531.jpg 1 207 136 141 55
train-000454.jpg 1 211 237 197 57
train-000046.jpg 1 340 205 142 43
train-000068.jpg 1 311 172 133 50
train-001206.jpg 1 148 322 91 34
train-000987.jpg 1 170 317 116 72
train-000211.jpg 1 233 375 164 61
train-000888.jpg 1 199 45 302 194
train-000179.jpg 1 332 178 130 61
train-000115.jpg 1 287 172 174 67
train-000532.jpg 1 240 187 221 74
train-001175.jpg 1 308 225 117 46
train-000448.jpg 1 252 277 122 38
train-001113.jpg 1 185 277 216 76
train-000061.jpg 1 278 196 149 43
train-000561.jpg 1 160 161 106 38
train-000524.jpg 1 253 216 169 57
train-000488.jpg 1 184 413 115 45
train-000635.jpg 1 255 164 108 38
train-000602.jpg 1 267 205 159 42
train-001022.jpg 1 157 408 159 55
train-000216.jpg 1 223 235 181 70
train-000097.jpg 1 280 217 127 37
train-000991.jpg 1 210 311 190 72
train-000966.jpg 1 480 292 93 56
train-000522.jpg 1 233 225 172 64
train-000077.jpg 1 264 197 142 55
train-000400.jpg 1 350 152 131 40
train-000515.jpg 1 310 210 116 43
train-000094.jpg 1 138 224 108 38
train-000798.jpg 1 82 248 407 228
train-000529.jpg 1 277 215 147 45
train-001010.jpg 1 190 310 139 54
train-000311.jpg 1 275 254 88 30
train-000265.jpg 1 294 228 201 73
train-000036.jpg 1 209 217 113 33
train-000630.jpg 1 196 248 95 48
train-000293.jpg 1 30 310 239 93
train-000404.jpg 1 247 216 127 39
train-000430.jpg 1 259 275 180 51
train-000607.jpg 1 270 202 173 60
train-000744.jpg 1 238 324 70 32
train-001172.jpg 1 138 137 125 46
train-000608.jpg 1 264 228 136 45
train-000870.jpg 1 284 200 131 62
train-000637.jpg 1 300 204 126 43
train-001187.jpg 1 127 283 169 62
train-000954.jpg 1 125 230 78 38
train-000337.jpg 1 344 318 277 91
train-000512.jpg 1 258 189 146 44
train-001039.jpg 1 171 451 230 76
train-000026.jpg 1 250 96 140 44
train-000485.jpg 1 110 427 106 34
train-000162.jpg 1 256 195 171 56
train-000032.jpg 1 237 153 129 39
train-000652.jpg 1 354 394 237 93
train-000407.jpg 1 300 187 123 46
train-000005.jpg 1 248 240 116 36
train-001176.jpg 1 484 154 120 61
train-000504.jpg 1 223 131 134 38
train-000239.jpg 1 125 115 397 140
train-000469.jpg 1 188 304 122 44
train-000388.jpg 1 166 281 164 52
train-000973.jpg 1 97 319 120 60
train-001083.jpg 1 236 203 150 61
train-000141.jpg 1 253 208 160 45
train-000446.jpg 1 259 307 97 39
train-000235.jpg 1 236 145 362 130
train-000598.jpg 1 246 196 143 58
train-000152.jpg 1 259 197 155 38
train-000977.jpg 1 195 298 122 86
train-000048.jpg 1 326 196 89 34
train-001191.jpg 1 96 308 201 76
train-001207.jpg 1 403 344 90 56
train-001084.jpg 1 223 138 198 86
train-000129.jpg 1 268 229 174 63
train-000374.jpg 1 258 101 264 82
train-000082.jpg 1 279 215 132 33
train-000412.jpg 1 279 192 155 58
train-000075.jpg 1 258 177 160 42
train-000571.jpg 1 232 127 122 42
train-001025.jpg 1 226 219 178 64
train-000212.jpg 1 215 258 170 56
train-000148.jpg 1 269 212 171 48
train-000140.jpg 1 240 189 150 48
train-000095.jpg 1 258 200 145 44
train-000385.jpg 1 174 319 146 50
train-000164.jpg 1 274 184 136 33
train-000703.jpg 1 287 88 128 64
train-000510.jpg 1 271 132 150 39
train-000169.jpg 1 270 208 139 38
train-000149.jpg 1 284 198 165 56
train-000581.jpg 1 268 260 104 39
train-000500.jpg 1 224 430 102 36
train-000150.jpg 1 266 204 180 63
train-000563.jpg 1 118 135 177 62
train-000312.jpg 1 190 350 115 39
train-000156.jpg 1 242 206 147 40
train-000468.jpg 1 253 293 221 49
train-000983.jpg 1 201 176 164 144
train-001112.jpg 1 204 326 151 52
train-000222.jpg 1 261 286 171 51
train-000221.jpg 1 229 255 174 52
train-000369.jpg 1 211 252 187 66
train-000476.jpg 1 321 403 104 38
train-000449.jpg 1 268 286 113 31
train-000031.jpg 1 272 210 91 30
train-000413.jpg 1 244 197 144 42
train-000929.jpg 1 0 110 315 238
train-000926.jpg 1 59 107 295 260
train-000027.jpg 1 254 196 82 25
train-000493.jpg 1 189 417 113 40
train-000444.jpg 1 302 289 108 32
train-001201.jpg 1 202 326 76 31
train-000409.jpg 1 236 215 151 51
train-000639.jpg 1 185 195 248 146
train-000775.jpg 1 87 103 194 110
train-000527.jpg 1 226 208 197 62
train-000441.jpg 1 170 295 223 52
train-000498.jpg 1 204 404 102 40
train-000122.jpg 1 304 247 209 68
train-000382.jpg 1 172 312 124 40
train-000746.jpg 1 225 153 100 70
train-000616.jpg 1 209 95 165 55
train-000862.jpg 1 250 182 136 67
train-000600.jpg 1 273 194 150 56
train-000641.jpg 1 140 149 211 129
train-000098.jpg 1 246 186 209 57
train-000976.jpg 1 143 279 242 147
train-000946.jpg 1 89 253 309 186
train-000565.jpg 1 325 180 117 48
train-000134.jpg 1 296 209 151 54
train-000564.jpg 1 172 147 111 38
train-000067.jpg 1 277 201 166 55
train-000034.jpg 1 240 145 139 50
train-001055.jpg 1 333 156 196 70
train-000354.jpg 1 47 259 249 90
train-000533.jpg 1 261 213 74 26
train-000106.jpg 1 120 190 194 52
train-000040.jpg 1 329 182 102 25
train-000253.jpg 1 195 224 200 63
train-001097.jpg 1 179 191 267 96
train-000554.jpg 1 270 238 153 61
train-000145.jpg 1 264 186 144 42
train-000998.jpg 1 258 300 144 55
train-000084.jpg 1 275 179 129 36
train-000045.jpg 1 272 178 137 42
train-000341.jpg 1 197 227 210 73
train-000590.jpg 1 292 221 131 42
train-000292.jpg 1 211 314 229 90
train-000588.jpg 1 284 223 153 45
train-000029.jpg 1 292 190 107 32
train-001161.jpg 1 118 283 404 147
train-001130.jpg 1 233 133 199 73
train-000548.jpg 1 280 183 146 44
train-000072.jpg 1 289 207 134 39
train-000941.jpg 1 197 269 181 126
train-000147.jpg 1 264 208 185 61
train-000151.jpg 1 265 195 151 54
train-000419.jpg 1 195 231 114 42
train-000135.jpg 1 280 212 154 46
train-000105.jpg 1 275 248 185 61
train-000963.jpg 1 357 259 144 64
train-000401.jpg 1 227 210 84 25
train-001116.jpg 1 427 277 142 56
train-000328.jpg 1 162 308 157 55
train-000619.jpg 1 236 228 124 45
train-001146.jpg 1 92 156 277 94
train-000217.jpg 1 220 244 189 61
train-000967.jpg 1 300 354 139 66
train-000030.jpg 1 276 131 130 46
train-000044.jpg 1 305 212 112 31
train-000371.jpg 1 365 231 161 51
train-000535.jpg 1 246 236 96 28
train-000020.jpg 1 175 168 115 31
train-000003.jpg 1 265 201 110 32
train-000893.jpg 1 221 68 158 124
train-000672.jpg 1 117 185 182 110
train-000016.jpg 1 271 177 160 50
train-000495.jpg 1 181 426 109 40
train-000056.jpg 1 269 253 144 43
train-000621.jpg 1 407 184 118 54
train-000004.jpg 1 215 211 140 40
train-000445.jpg 1 297 271 142 33
train-000085.jpg 1 295 124 135 42
train-000353.jpg 1 230 172 160 56
train-000466.jpg 1 247 331 207 52
train-000567.jpg 1 241 103 138 45
train-000961.jpg 1 241 455 166 67
train-000403.jpg 1 265 102 102 30
train-001007.jpg 1 186 249 177 91
train-000984.jpg 1 202 262 141 91
train-000586.jpg 1 294 212 79 26
train-000770.jpg 1 283 169 254 138
train-000475.jpg 1 187 345 121 51
train-000069.jpg 1 293 221 129 39
train-000339.jpg 1 147 174 301 145
train-000610.jpg 1 256 183 149 60
train-000041.jpg 1 318 212 93 27
train-000611.jpg 1 274 194 142 55
train-000993.jpg 1 87 305 171 68
train-000596.jpg 1 252 204 160 50
train-000964.jpg 1 494 222 102 61
train-000461.jpg 1 206 306 163 48
train-001174.jpg 1 130 161 113 39
train-000200.jpg 1 165 518 166 52
train-000018.jpg 1 239 204 158 36
train-001115.jpg 1 119 47 176 64
train-000566.jpg 1 245 167 79 26
train-000738.jpg 1 118 360 54 24
train-000013.jpg 1 270 181 98 32
train-000277.jpg 1 126 170 204 78
train-000254.jpg 1 168 198 193 68
train-000507.jpg 1 236 191 121 37
train-000054.jpg 1 290 181 129 46
train-000614.jpg 1 268 188 147 50
train-000471.jpg 1 94 318 132 50
train-000540.jpg 1 270 224 131 44
train-000224.jpg 1 220 250 187 61
train-000083.jpg 1 287 193 127 40
train-000955.jpg 1 150 230 129 57
train-000297.jpg 1 151 353 280 110
train-000137.jpg 1 266 204 134 50
train-000264.jpg 1 128 201 146 54
train-001053.jpg 1 131 259 184 61
train-000163.jpg 1 283 166 133 45
train-000829.jpg 1 115 181 73 57
train-000281.jpg 1 166 87 273 93
train-000552.jpg 1 241 183 147 48
train-000384.jpg 1 135 330 139 49
train-000587.jpg 1 311 198 129 51
train-000996.jpg 1 249 312 135 55
train-000956.jpg 1 422 381 142 90
train-000038.jpg 1 286 189 101 32
train-000172.jpg 1 334 161 152 69
train-000465.jpg 1 294 291 108 37
train-000402.jpg 1 282 175 118 34
train-000175.jpg 1 211 217 155 48
train-000907.jpg 1 148 88 212 108
train-001156.jpg 1 103 186 425 177
train-000542.jpg 1 257 224 104 37
train-000011.jpg 1 326 106 104 34
train-000121.jpg 1 210 177 152 56
train-000307.jpg 1 85 234 109 38
train-000629.jpg 1 225 137 93 38
train-001171.jpg 1 36 217 123 48
train-000595.jpg 1 255 188 151 45
train-000050.jpg 1 276 201 100 38
train-000434.jpg 1 279 247 156 62
train-001189.jpg 1 154 267 178 54
train-000536.jpg 1 267 221 98 38
train-000092.jpg 1 285 173 111 33
train-000160.jpg 1 258 204 151 54
train-000523.jpg 1 271 196 149 49
train-000704.jpg 1 132 121 225 110
train-000511.jpg 1 235 178 168 64
train-001114.jpg 1 242 166 135 51
train-000521.jpg 1 304 222 131 44
train-000025.jpg 1 196 207 132 38
train-000780.jpg 1 130 133 244 135
train-000686.jpg 1 217 185 205 78
train-000892.jpg 1 147 54 296 153
train-000514.jpg 1 319 195 133 43
train-000625.jpg 1 196 185 133 43
train-000344.jpg 1 74 140 262 102
train-000443.jpg 1 232 249 170 48
train-000550.jpg 1 224 195 193 70
train-001071.jpg 1 224 203 171 66
train-000734.jpg 1 85 138 65 34
train-000903.jpg 1 210 194 165 98
train-000435.jpg 1 299 235 110 39
train-000428.jpg 1 266 323 143 46
train-000352.jpg 1 127 352 152 51
train-000278.jpg 1 257 86 249 94
train-001008.jpg 1 158 437 198 78
train-000773.jpg 1 332 212 167 82
train-000111.jpg 1 204 203 213 64
train-001085.jpg 1 133 361 96 33
train-000720.jpg 1 216 145 170 90
train-000154.jpg 1 278 176 144 54
train-001162.jpg 1 110 261 406 141
train-000420.jpg 1 235 211 172 54
train-000037.jpg 1 276 165 94 31
train-001069.jpg 1 270 181 130 51
train-000638.jpg 1 278 186 121 48
train-000047.jpg 1 304 236 117 31
train-000248.jpg 1 156 192 181 57
train-000631.jpg 1 277 195 115 46
train-000146.jpg 1 198 136 229 60
train-000592.jpg 1 274 189 169 57
train-000965.jpg 1 327 474 147 70
train-000501.jpg 1 195 191 226 66
train-000545.jpg 1 236 207 141 40
train-000251.jpg 1 186 193 192 70
train-000127.jpg 1 305 236 149 36
train-000049.jpg 1 322 222 104 31
train-000992.jpg 1 239 427 164 64
train-000593.jpg 1 260 215 122 37
train-000298.jpg 1 111 305 460 176
train-000283.jpg 1 153 71 290 100
train-000043.jpg 1 257 223 123 39
train-000599.jpg 1 298 201 119 37
train-000455.jpg 1 259 282 89 31
train-001188.jpg 1 150 298 165 64
