train-000166.jpg 1 282 223 145 50
train-000948.jpg 1 65 254 359 218
train-000543.jpg 1 160 208 137 63
train-000467.jpg 1 262 347 203 52
train-000456.jpg 1 407 300 137 68
train-000837.jpg 1 258 119 95 120
train-000905.jpg 1 183 199 154 86
train-000818.jpg 1 242 220 97 97
train-001142.jpg 1 203 349 226 81
train-000911.jpg 1 357 152 232 166
train-001131.jpg 1 195 12 239 93
train-000650.jpg 1 142 258 322 164
train-000577.jpg 1 286 186 170 45
train-000594.jpg 1 258 226 131 50
train-000178.jpg 1 235 194 182 52
train-000623.jpg 1 229 191 101 36
train-000171.jpg 1 292 178 126 42
train-000279.jpg 1 208 152 239 84
train-000583.jpg 1 312 199 102 39
train-000558.jpg 1 441 228 143 50
train-000845.jpg 1 273 234 138 94
train-000779.jpg 1 169 144 242 150
train-000978.jpg 1 167 295 131 98
train-000890.jpg 1 217 65 213 243
train-000124.jpg 1 243 190 153 39
train-000927.jpg 1 127 90 279 273
train-000477.jpg 1 135 316 116 32
train-000196.jpg 1 251 550 142 58
train-000508.jpg 1 202 112 196 48
train-000158.jpg 1 268 210 137 34
train-000679.jpg 1 235 175 205 104
train-000605.jpg 1 295 217 110 37
train-000923.jpg 1 57 294 153 124
train-000058.jpg 1 295 208 127 42
train-000323.jpg 1 163 450 151 46
train-000236.jpg 1 139 136 372 130
train-000722.jpg 1 222 64 202 158
train-000958.jpg 1 430 275 126 49
train-001068.jpg 1 183 209 225 68
train-000985.jpg 1 157 285 143 82
train-000138.jpg 1 267 211 132 55
train-000908.jpg 1 272 169 181 178
train-000525.jpg 1 279 173 149 52
train-001057.jpg 1 207 126 222 76
train-000064.jpg 1 238 197 169 43
train-000417.jpg 1 217 112 149 45
train-000494.jpg 1 192 446 102 34
train-000689.jpg 1 187 209 244 102
train-000324.jpg 1 166 434 138 46
train-001036.jpg 1 80 348 138 48
train-000816.jpg 1 264 170 108 117
train-000740.jpg 1 214 154 70 54
train-000884.jpg 1 114 24 398 303
train-000120.jpg 1 212 186 182 52
train-000063.jpg 1 261 238 129 38
train-000268.jpg 1 199 163 175 60
train-000436.jpg 1 301 266 128 45
train-000472.jpg 1 202 326 122 42
train-001096.jpg 1 180 127 350 117
train-000603.jpg 1 281 175 147 38
train-000821.jpg 1 266 172 131 114
train-000416.jpg 1 239 202 158 40
train-000357.jpg 1 58 76 290 105
train-000473.jpg 1 175 364 142 55
train-001067.jpg 1 195 186 169 55
train-001202.jpg 1 384 323 64 34
train-000810.jpg 1 275 211 101 99
train-000458.jpg 1 215 338 143 44
train-000576.jpg 1 290 202 92 31
train-000218.jpg 1 245 244 157 56
train-000799.jpg 1 144 65 415 300
train-000509.jpg 1 301 169 85 34
train-001190.jpg 1 186 276 151 67
train-000819.jpg 1 186 288 84 90
train-000103.jpg 1 96 245 172 63
train-000090.jpg 1 243 186 102 28
train-000326.jpg 1 181 327 135 46
train-000128.jpg 1 250 234 165 43
train-000559.jpg 1 172 190 119 34
train-000553.jpg 1 237 83 116 38
train-001021.jpg 1 115 250 193 63
train-000733.jpg 1 170 162 70 33
train-000661.jpg 1 193 391 158 90
train-000887.jpg 1 183 44 204 195
train-000252.jpg 1 190 214 174 62
train-000827.jpg 1 34 178 51 63
train-000447.jpg 1 283 260 76 27
train-000486.jpg 1 180 409 102 37
train-000707.jpg 1 190 134 155 63
train-000994.jpg 1 257 366 148 58
train-000852.jpg 1 196 152 96 56
train-000975.jpg 1 124 302 129 115
train-001066.jpg 1 175 195 242 70
train-000539.jpg 1 217 204 104 38
train-000817.jpg 1 242 204 99 110
train-000372.jpg 1 258 305 113 39
train-000505.jpg 1 295 171 76 27
train-000721.jpg 1 209 179 168 88
train-000808.jpg 1 252 157 120 114
train-001042.jpg 1 202 396 181 74
train-000962.jpg 1 397 406 127 56
train-000922.jpg 1 243 192 185 210
train-000601.jpg 1 265 221 134 51
train-000479.jpg 1 60 332 106 32
train-000516.jpg 1 290 218 131 46
train-000584.jpg 1 293 205 102 45
train-000167.jpg 1 224 211 145 37
train-000736.jpg 1 189 128 62 50
train-000133.jpg 1 289 207 155 62
train-000459.jpg 1 214 307 171 55
train-000057.jpg 1 242 183 149 43
train-000569.jpg 1 287 184 128 45
train-000201.jpg 1 319 205 128 46
train-000701.jpg 1 193 198 53 24
train-000853.jpg 1 174 287 113 87
train-000850.jpg 1 167 70 90 67
train-000555.jpg 1 262 213 127 43
train-000199.jpg 1 211 476 183 70
train-000296.jpg 1 111 303 461 176
train-000076.jpg 1 253 187 134 42
train-000624.jpg 1 289 170 153 49
train-000015.jpg 1 194 154 153 48
train-000982.jpg 1 195 181 167 122
train-001037.jpg 1 226 472 208 61
train-000705.jpg 1 173 117 139 115
train-000165.jpg 1 277 197 135 37
train-000424.jpg 1 306 304 91 36
train-000666.jpg 1 258 237 154 132
train-000685.jpg 1 214 162 213 122
train-000247.jpg 1 333 202 137 46
train-001051.jpg 1 221 146 209 70
train-000899.jpg 1 252 72 136 64
train-000237.jpg 1 102 130 412 145
train-000840.jpg 1 263 156 88 67
train-000562.jpg 1 140 184 92 34
train-000697.jpg 1 202 165 176 128
train-000136.jpg 1 259 226 145 58
train-000123.jpg 1 378 178 203 64
train-000215.jpg 1 216 371 198 80
train-000079.jpg 1 271 182 127 45
train-001038.jpg 1 82 441 187 73
train-000099.jpg 1 239 225 175 51
train-001086.jpg 1 154 385 108 48
train-000737.jpg 1 113 206 74 55
train-000503.jpg 1 303 193 149 62
train-001186.jpg 1 88 261 115 42
train-000613.jpg 1 254 192 147 44
train-000776.jpg 1 222 175 128 174
train-000451.jpg 1 210 263 171 42
train-000450.jpg 1 276 293 144 36
train-000065.jpg 1 244 224 149 43
train-000872.jpg 1 307 169 103 80
train-000551.jpg 1 266 185 149 57
train-000481.jpg 1 100 360 121 44
train-000406.jpg 1 296 252 96 30
train-000997.jpg 1 214 457 163 63
train-000585.jpg 1 267 200 103 40
train-001054.jpg 1 180 140 213 76
train-000126.jpg 1 250 119 137 45
train-000295.jpg 1 122 345 274 106
train-000959.jpg 1 220 433 143 52
train-000308.jpg 1 126 348 129 44
train-000612.jpg 1 252 190 143 48
train-001011.jpg 1 179 288 168 60
train-000425.jpg 1 234 290 127 40
train-000868.jpg 1 293 197 104 58
train-001012.jpg 1 212 376 161 67
train-000142.jpg 1 251 196 185 60
train-000100.jpg 1 208 208 204 75
train-000667.jpg 1 91 244 212 220
train-000615.jpg 1 251 206 141 50
train-000116.jpg 1 307 161 158 58
train-001192.jpg 1 124 327 115 42
train-000645.jpg 1 309 210 192 160
train-000809.jpg 1 197 261 91 96
train-000177.jpg 1 354 249 136 44
train-000974.jpg 1 216 241 154 82
train-000758.jpg 1 153 204 208 162
train-000042.jpg 1 255 227 176 48
train-000609.jpg 1 273 199 160 50
train-000087.jpg 1 284 186 131 40
train-001117.jpg 1 347 250 163 62
train-000530.jpg 1 252 186 153 63
train-000757.jpg 1 141 152 204 150
train-000921.jpg 1 301 179 81 100
train-000483.jpg 1 169 423 97 32
train-000803.jpg 1 106 64 376 268
train-000060.jpg 1 342 231 143 45
train-000838.jpg 1 279 157 42 45
train-000423.jpg 1 291 299 92 34
train-000039.jpg 1 247 181 89 32
train-000668.jpg 1 188 293 164 114
train-000906.jpg 1 256 129 180 134
train-000359.jpg 1 148 192 112 43
train-000112.jpg 1 251 218 199 51
train-000314.jpg 1 199 426 129 46
train-000210.jpg 1 239 341 160 61
train-000764.jpg 1 215 128 189 151
train-000618.jpg 1 315 119 141 45
train-001126.jpg 1 262 66 202 69
train-000421.jpg 1 252 299 115 40
train-000180.jpg 1 236 222 153 55
train-000865.jpg 1 278 156 133 99
train-000604.jpg 1 281 207 147 39
train-000747.jpg 1 75 209 92 54
train-000437.jpg 1 308 323 111 44
train-000658.jpg 1 84 286 164 168
train-000572.jpg 1 294 172 128 42
train-000373.jpg 1 0 180 149 52
train-000463.jpg 1 200 309 236 68
train-000676.jpg 1 224 167 159 147
train-000159.jpg 1 240 202 152 45
train-000849.jpg 1 165 206 86 74
train-000924.jpg 1 74 196 212 265
train-000866.jpg 1 251 178 158 99
train-000620.jpg 1 238 171 118 33
train-000238.jpg 1 173 93 338 124
train-000979.jpg 1 63 292 146 96
train-000560.jpg 1 138 175 107 42
train-000426.jpg 1 196 329 119 42
train-000440.jpg 1 212 325 140 40
train-000233.jpg 1 104 152 465 159
train-000107.jpg 1 149 229 170 56
train-000688.jpg 1 248 94 192 92
train-000549.jpg 1 283 114 159 54
train-000329.jpg 1 176 418 134 46
train-000706.jpg 1 150 140 186 120
train-000671.jpg 1 140 241 196 202
train-000432.jpg 1 270 266 108 40
train-000460.jpg 1 248 342 160 38
train-001026.jpg 1 159 202 133 54
train-000663.jpg 1 217 272 162 138
train-000161.jpg 1 302 197 119 43
train-001173.jpg 1 108 102 110 40
train-000414.jpg 1 233 218 136 49
train-000528.jpg 1 305 198 111 36
train-000781.jpg 1 202 212 136 85
train-000470.jpg 1 192 299 130 42
train-001027.jpg 1 144 275 92 34
train-001052.jpg 1 268 145 249 84
train-000916.jpg 1 106 128 290 267
train-000496.jpg 1 211 398 108 49
train-000980.jpg 1 167 206 114 111
train-000794.jpg 1 190 165 215 247
train-000925.jpg 1 100 222 188 168
train-000699.jpg 1 165 188 143 104
train-000284.jpg 1 139 99 298 103
train-000531.jpg 1 208 137 142 55
train-000454.jpg 1 212 237 198 57
train-000046.jpg 1 340 205 142 43
train-000068.jpg 1 312 173 133 51
train-001206.jpg 1 148 322 93 36
train-000716.jpg 1 310 197 133 120
train-000987.jpg 1 170 316 117 73
train-000756.jpg 1 173 139 219 180
train-000211.jpg 1 233 376 164 61
train-000888.jpg 1 199 46 303 195
train-000939.jpg 1 53 200 203 212
train-000179.jpg 1 332 178 131 61
train-000930.jpg 1 28 211 215 186
train-000115.jpg 1 288 173 175 67
train-000532.jpg 1 240 187 221 74
train-001175.jpg 1 308 226 118 46
train-000448.jpg 1 253 278 122 39
train-001113.jpg 1 186 277 216 76
train-000061.jpg 1 278 196 149 43
train-000561.jpg 1 161 162 106 38
train-000981.jpg 1 223 129 118 108
train-000524.jpg 1 253 216 169 57
train-000751.jpg 1 133 301 167 128
train-000488.jpg 1 184 413 116 45
train-000635.jpg 1 255 164 108 38
train-000602.jpg 1 268 205 160 42
train-000760.jpg 1 320 255 217 177
train-001022.jpg 1 158 409 159 55
train-000216.jpg 1 224 236 183 72
train-000097.jpg 1 280 217 127 37
train-000991.jpg 1 210 312 190 72
train-000966.jpg 1 480 293 93 56
train-000522.jpg 1 233 225 172 64
train-000077.jpg 1 265 198 143 55
train-000400.jpg 1 350 152 131 40
train-000515.jpg 1 310 210 116 43
train-000920.jpg 1 184 132 100 105
train-000094.jpg 1 138 225 108 38
train-000798.jpg 1 83 249 408 228
train-000529.jpg 1 278 216 148 45
train-001010.jpg 1 190 310 139 54
train-000311.jpg 1 275 254 89 30
train-000265.jpg 1 295 228 201 73
train-000036.jpg 1 209 217 113 33
train-000791.jpg 1 138 182 372 298
train-000630.jpg 1 195 247 95 49
train-000293.jpg 1 30 310 240 93
train-000404.jpg 1 247 216 127 39
train-000430.jpg 1 259 276 180 51
train-000607.jpg 1 270 202 174 60
train-000744.jpg 1 238 324 70 32
train-001172.jpg 1 139 137 125 46
train-000608.jpg 1 265 228 136 46
train-000870.jpg 1 284 200 131 63
train-000637.jpg 1 301 204 126 43
train-000891.jpg 1 177 -13 379 286
train-000864.jpg 1 272 156 144 104
train-001187.jpg 1 127 283 170 62
train-000954.jpg 1 125 231 79 39
train-000795.jpg 1 203 144 277 321
train-000337.jpg 1 344 318 277 92
train-000789.jpg 1 202 152 227 208
train-000512.jpg 1 258 189 146 44
train-001039.jpg 1 172 451 232 78
train-000026.jpg 1 250 96 140 44
train-000855.jpg 1 126 304 104 96
train-000485.jpg 1 111 427 106 34
train-000162.jpg 1 256 196 172 57
train-000032.jpg 1 237 153 129 39
train-000696.jpg 1 256 189 102 72
train-000652.jpg 1 355 394 237 93
train-000407.jpg 1 300 187 123 46
train-000005.jpg 1 248 240 116 36
train-001176.jpg 1 484 154 121 62
train-000504.jpg 1 224 131 135 39
train-000833.jpg 1 238 127 111 97
train-000239.jpg 1 125 115 398 141
train-000469.jpg 1 188 304 122 44
train-000388.jpg 1 166 281 164 52
train-000973.jpg 1 97 319 121 60
train-001083.jpg 1 236 203 150 62
train-000910.jpg 1 322 156 238 211
train-000141.jpg 1 253 208 160 45
train-000446.jpg 1 259 307 97 40
train-000235.jpg 1 237 145 363 132
train-000598.jpg 1 246 196 145 60
train-000152.jpg 1 260 197 155 39
train-000977.jpg 1 196 298 123 87
train-000048.jpg 1 326 196 89 34
train-001191.jpg 1 96 308 202 78
train-001207.jpg 1 403 344 90 57
train-001084.jpg 1 223 139 198 87
train-000129.jpg 1 268 229 174 63
train-000374.jpg 1 258 102 264 82
train-000082.jpg 1 280 215 133 33
train-000412.jpg 1 279 192 155 58
train-000836.jpg 1 245 127 109 126
train-000765.jpg 1 129 114 189 142
train-000075.jpg 1 259 177 161 43
train-000571.jpg 1 232 127 122 42
train-000944.jpg 1 166 397 198 114
train-001025.jpg 1 226 219 178 64
train-000212.jpg 1 215 258 170 57
train-000148.jpg 1 269 212 171 48
train-000648.jpg 1 395 290 155 120
train-000140.jpg 1 240 189 150 48
train-000095.jpg 1 258 200 146 44
train-000385.jpg 1 175 319 146 50
train-000164.jpg 1 274 185 137 34
train-000703.jpg 1 287 89 129 64
train-000660.jpg 1 159 310 166 178
train-000510.jpg 1 271 132 150 39
train-000169.jpg 1 271 208 139 38
train-000834.jpg 1 340 230 70 54
train-000149.jpg 1 284 198 165 56
train-000782.jpg 1 293 228 170 105
train-000581.jpg 1 268 260 104 39
train-000500.jpg 1 224 430 102 37
train-000150.jpg 1 266 204 180 63
train-000873.jpg 1 293 180 110 100
train-000563.jpg 1 118 135 177 62
train-000312.jpg 1 190 351 116 40
train-000156.jpg 1 242 206 148 42
train-000468.jpg 1 253 293 222 50
train-000755.jpg 1 270 259 170 122
train-000983.jpg 1 201 177 165 144
train-000945.jpg 1 386 229 214 210
train-001112.jpg 1 204 327 151 52
train-000222.jpg 1 262 286 171 51
train-000221.jpg 1 230 255 175 54
train-000369.jpg 1 212 252 187 66
train-000917.jpg 1 201 197 161 120
train-000476.jpg 1 321 403 105 38
train-000449.jpg 1 268 287 114 31
train-000031.jpg 1 272 210 91 30
train-000879.jpg 1 143 16 356 289
train-000413.jpg 1 244 197 145 42
train-000929.jpg 1 0 111 316 240
train-000926.jpg 1 60 107 295 261
train-000027.jpg 1 254 196 82 25
train-000796.jpg 1 126 140 427 265
train-000493.jpg 1 189 417 115 42
train-000444.jpg 1 303 290 108 32
train-001201.jpg 1 202 327 77 32
train-000409.jpg 1 236 215 151 51
train-000639.jpg 1 185 195 249 146
train-000775.jpg 1 87 103 194 110
train-000527.jpg 1 226 209 198 63
train-000441.jpg 1 170 295 223 52
train-000498.jpg 1 205 404 103 42
train-000677.jpg 1 230 169 143 129
train-000783.jpg 1 295 256 164 116
train-000122.jpg 1 304 247 209 68
train-000382.jpg 1 172 313 125 42
train-000746.jpg 1 225 153 100 70
train-000616.jpg 1 209 95 166 56
train-000184.jpg 1 244 170 133 48
train-000862.jpg 1 251 183 136 67
train-000600.jpg 1 274 194 150 57
train-000867.jpg 1 257 170 146 96
train-000790.jpg 1 87 157 380 344
train-000936.jpg 1 314 64 247 177
train-000641.jpg 1 140 149 212 129
train-000098.jpg 1 246 186 209 57
train-000976.jpg 1 144 279 243 148
train-000946.jpg 1 90 254 310 187
train-000565.jpg 1 325 180 117 48
train-000134.jpg 1 296 209 151 54
train-000564.jpg 1 173 148 111 39
train-000067.jpg 1 277 201 166 55
train-000034.jpg 1 240 145 139 50
train-001055.jpg 1 333 156 197 72
train-000354.jpg 1 47 260 249 90
train-000854.jpg 1 146 254 156 96
train-000533.jpg 1 262 214 74 26
train-000815.jpg 1 253 143 114 129
train-000106.jpg 1 120 190 195 54
train-000814.jpg 1 255 172 113 123
train-000898.jpg 1 308 142 216 158
train-000040.jpg 1 329 182 102 25
train-000253.jpg 1 196 224 201 64
train-000752.jpg 1 214 263 161 118
train-000863.jpg 1 220 143 166 139
train-001097.jpg 1 179 191 267 97
train-000554.jpg 1 270 239 153 61
train-000145.jpg 1 264 186 144 42
train-000998.jpg 1 258 301 145 55
train-000084.jpg 1 275 180 129 36
train-000045.jpg 1 272 178 137 42
train-000341.jpg 1 198 228 210 74
train-000590.jpg 1 292 221 131 42
train-000292.jpg 1 212 315 230 91
train-000588.jpg 1 284 223 153 45
train-000029.jpg 1 292 190 107 32
train-001161.jpg 1 118 284 404 147
train-001130.jpg 1 234 133 200 74
train-000640.jpg 1 186 220 235 152
train-000548.jpg 1 280 183 146 44
train-000724.jpg 1 240 155 161 120
train-000772.jpg 1 307 144 203 177
train-000072.jpg 1 289 207 135 40
train-000941.jpg 1 197 270 182 127
train-000147.jpg 1 264 208 185 61
train-000151.jpg 1 266 196 152 54
train-000419.jpg 1 196 231 115 42
train-000800.jpg 1 174 85 398 284
train-000135.jpg 1 280 212 154 46
train-000105.jpg 1 275 248 185 61
train-000963.jpg 1 357 259 146 66
train-000401.jpg 1 227 210 84 25
train-001116.jpg 1 427 278 142 57
train-000328.jpg 1 162 309 157 55
train-000886.jpg 1 161 51 281 280
train-000619.jpg 1 236 228 125 45
train-001146.jpg 1 93 156 279 96
train-000217.jpg 1 221 244 189 61
train-000967.jpg 1 301 354 139 66
train-000030.jpg 1 276 131 130 46
train-000753.jpg 1 187 167 172 115
train-000044.jpg 1 305 212 112 31
train-000371.jpg 1 366 232 161 52
train-000535.jpg 1 246 236 96 28
train-000020.jpg 1 175 168 116 32
train-000003.jpg 1 265 201 110 32
train-000893.jpg 1 221 68 158 124
train-000672.jpg 1 118 185 182 110
train-000016.jpg 1 271 177 160 50
train-000495.jpg 1 182 426 111 42
train-000056.jpg 1 269 253 144 43
train-000621.jpg 1 408 185 119 55
train-000004.jpg 1 215 211 140 40
train-000445.jpg 1 297 271 143 33
train-000085.jpg 1 296 124 136 42
train-000353.jpg 1 230 173 161 57
train-000466.jpg 1 247 331 207 52
train-000567.jpg 1 241 104 138 46
train-000961.jpg 1 241 455 167 67
train-000403.jpg 1 265 102 102 30
train-001007.jpg 1 186 249 177 91
train-000984.jpg 1 202 263 141 92
train-000586.jpg 1 294 212 79 26
train-000770.jpg 1 283 169 254 138
train-000719.jpg 1 201 140 186 152
train-000475.jpg 1 187 346 122 52
train-000069.jpg 1 293 222 129 40
train-000339.jpg 1 147 175 301 146
train-000610.jpg 1 256 183 150 60
train-000717.jpg 1 274 184 179 140
train-000041.jpg 1 318 212 93 27
train-000611.jpg 1 275 194 143 55
train-000993.jpg 1 88 305 171 69
train-000596.jpg 1 252 204 160 50
train-000964.jpg 1 494 222 103 61
train-000940.jpg 1 354 267 248 193
train-000935.jpg 1 397 261 126 85
train-000461.jpg 1 205 305 163 49
train-001174.jpg 1 131 161 113 40
train-000200.jpg 1 165 519 168 54
train-000018.jpg 1 240 205 159 36
train-001115.jpg 1 119 48 177 66
train-000885.jpg 1 189 142 213 150
train-000566.jpg 1 245 168 80 27
train-000738.jpg 1 119 361 55 24
train-000013.jpg 1 270 181 98 32
train-000277.jpg 1 127 171 205 79
train-000254.jpg 1 169 198 193 68
train-000507.jpg 1 237 192 121 37
train-000054.jpg 1 290 181 129 46
train-000614.jpg 1 269 188 147 51
train-000928.jpg 1 376 193 215 195
train-000471.jpg 1 95 319 132 50
train-000540.jpg 1 270 224 131 44
train-000224.jpg 1 221 250 187 61
train-000083.jpg 1 287 194 127 40
train-000955.jpg 1 150 230 129 57
train-000297.jpg 1 152 354 281 111
train-000137.jpg 1 266 204 134 50
train-000264.jpg 1 128 201 147 55
train-000687.jpg 1 250 200 199 120
train-001053.jpg 1 131 260 185 61
train-000163.jpg 1 284 166 134 46
train-000919.jpg 1 189 80 250 259
train-000829.jpg 1 115 182 74 57
train-000281.jpg 1 166 88 274 94
train-000552.jpg 1 241 183 147 48
train-000384.jpg 1 135 330 140 50
train-000587.jpg 1 311 198 129 51
train-000996.jpg 1 250 313 136 56
train-000956.jpg 1 423 381 142 90
train-000038.jpg 1 286 189 101 32
train-000172.jpg 1 334 162 152 70
train-000465.jpg 1 294 291 108 37
train-000402.jpg 1 282 175 118 34
train-000728.jpg 1 211 172 149 124
train-000715.jpg 1 297 166 111 81
train-000175.jpg 1 210 217 155 49
train-000907.jpg 1 148 89 213 108
train-001156.jpg 1 104 187 425 178
train-000848.jpg 1 201 292 181 123
train-000542.jpg 1 257 224 104 37
train-000011.jpg 1 326 106 104 34
train-000754.jpg 1 207 227 205 146
train-000121.jpg 1 210 177 152 56
train-000307.jpg 1 86 234 110 38
train-000629.jpg 1 226 138 93 38
train-001171.jpg 1 35 217 123 49
train-000185.jpg 1 265 158 97 43
train-000595.jpg 1 255 188 151 45
train-000050.jpg 1 276 201 100 38
train-000434.jpg 1 280 248 156 62
train-001189.jpg 1 155 267 178 55
train-000759.jpg 1 178 138 188 166
train-000536.jpg 1 267 221 98 38
train-000092.jpg 1 285 174 111 33
train-000160.jpg 1 258 205 152 54
train-000523.jpg 1 271 196 149 49
train-000704.jpg 1 132 121 225 110
train-000511.jpg 1 235 178 168 64
train-001114.jpg 1 242 166 135 51
train-000521.jpg 1 304 222 131 44
train-000025.jpg 1 196 207 132 38
train-000780.jpg 1 130 133 244 135
train-000686.jpg 1 218 186 205 79
train-000892.jpg 1 148 55 297 153
train-000514.jpg 1 319 195 133 43
train-000625.jpg 1 197 186 133 43
train-000344.jpg 1 74 140 262 102
train-000443.jpg 1 231 249 170 49
train-000550.jpg 1 224 195 193 70
train-000889.jpg 1 139 110 295 194
train-001071.jpg 1 224 203 171 66
train-000734.jpg 1 86 139 66 34
train-000903.jpg 1 211 194 165 99
train-000435.jpg 1 299 235 111 40
train-000428.jpg 1 266 323 143 46
train-000678.jpg 1 237 188 172 130
train-000352.jpg 1 127 353 153 52
train-000644.jpg 1 217 199 244 158
train-000278.jpg 1 257 87 250 94
train-000762.jpg 1 262 212 175 147
train-001008.jpg 1 158 437 198 78
train-000773.jpg 1 332 212 167 82
train-000111.jpg 1 204 204 214 64
train-001085.jpg 1 134 362 96 33
train-000720.jpg 1 216 145 170 90
train-000154.jpg 1 279 176 145 54
train-001162.jpg 1 111 261 407 142
train-000420.jpg 1 235 211 173 54
train-000037.jpg 1 276 165 94 31
train-001069.jpg 1 270 181 131 52
train-000638.jpg 1 278 187 122 48
train-000047.jpg 1 304 236 117 31
train-000248.jpg 1 156 193 182 57
train-000631.jpg 1 278 195 115 46
train-000792.jpg 1 51 175 386 284
train-000146.jpg 1 198 136 229 60
train-000861.jpg 1 272 118 180 120
train-000592.jpg 1 274 189 169 57
train-000965.jpg 1 327 475 149 72
train-000501.jpg 1 195 191 226 66
train-000545.jpg 1 236 207 141 40
train-000251.jpg 1 186 193 193 70
train-000127.jpg 1 305 236 149 36
train-000049.jpg 1 322 222 104 31
train-000992.jpg 1 239 428 164 64
train-000918.jpg 1 91 253 156 152
train-000593.jpg 1 260 215 122 37
train-000739.jpg 1 528 50 77 78
train-000298.jpg 1 112 305 460 177
train-000283.jpg 1 154 71 290 100
train-000043.jpg 1 257 223 123 39
train-000599.jpg 1 299 201 120 37
train-000455.jpg 1 259 283 90 31
train-001188.jpg 1 150 299 166 66
