train-000837.jpg 1 258 119 94 118
train-000890.jpg 1 216 65 212 242
train-000927.jpg 1 126 89 279 272
train-000908.jpg 1 271 169 180 178
train-000816.jpg 1 264 169 107 117
train-000810.jpg 1 274 210 101 99
train-000922.jpg 1 243 191 184 210
train-000853.jpg 1 173 286 113 87
train-000666.jpg 1 257 236 152 130
train-000737.jpg 1 113 205 74 55
train-000667.jpg 1 90 244 211 220
train-000645.jpg 1 308 210 192 159
train-000809.jpg 1 197 260 90 96
train-000758.jpg 1 153 204 207 162
train-000668.jpg 1 188 292 164 114
train-000764.jpg 1 215 127 189 151
train-000865.jpg 1 278 156 133 99
train-000849.jpg 1 165 205 86 74
train-000706.jpg 1 149 139 185 120
train-000671.jpg 1 140 240 195 201
train-000663.jpg 1 217 271 161 138
train-000916.jpg 1 106 128 289 266
train-000980.jpg 1 167 206 114 110
train-000716.jpg 1 310 196 131 118
train-000760.jpg 1 320 254 217 177
train-000891.jpg 1 177 -13 379 286
train-000864.jpg 1 272 155 143 104
train-000789.jpg 1 201 152 226 207
train-000855.jpg 1 125 303 102 94
train-000696.jpg 1 256 188 102 72
train-000910.jpg 1 322 155 238 211
train-000836.jpg 1 245 127 107 124
train-000660.jpg 1 158 310 166 178
train-000873.jpg 1 293 179 110 100
train-000755.jpg 1 269 258 169 121
train-000945.jpg 1 386 228 214 210
train-000917.jpg 1 201 197 159 118
train-000879.jpg 1 144 17 355 288
train-000815.jpg 1 252 143 114 129
train-000814.jpg 1 254 171 113 123
train-000898.jpg 1 307 141 215 158
train-000752.jpg 1 214 262 161 118
train-000863.jpg 1 220 142 166 138
train-000772.jpg 1 307 144 203 177
train-000940.jpg 1 353 266 247 193
train-000928.jpg 1 375 192 215 194
train-000848.jpg 1 201 292 181 123
train-000754.jpg 1 207 227 204 145
train-000678.jpg 1 236 188 172 130
train-000762.jpg 1 262 211 175 147
