train-000818.jpg 1 241 219 97 97
train-000845.jpg 1 273 233 138 94
train-000923.jpg 1 56 293 153 123
train-000740.jpg 1 213 153 69 52
train-000884.jpg 1 114 24 398 303
train-000821.jpg 1 265 172 131 114
train-000819.jpg 1 186 288 84 90
train-000827.jpg 1 33 178 50 63
train-000975.jpg 1 124 302 129 115
train-000817.jpg 1 241 203 98 109
train-000808.jpg 1 251 156 119 112
train-000850.jpg 1 167 70 89 67
train-000705.jpg 1 172 117 138 114
train-000697.jpg 1 202 165 176 128
train-000776.jpg 1 222 175 128 174
train-000757.jpg 1 141 151 203 148
train-000921.jpg 1 300 179 81 100
train-000838.jpg 1 278 156 41 45
train-000180.jpg 1 235 222 153 54
train-000658.jpg 1 83 286 163 168
train-000676.jpg 1 224 167 159 146
train-000924.jpg 1 74 195 211 265
train-000794.jpg 1 189 165 214 246
train-000925.jpg 1 99 221 187 166
train-000756.jpg 1 173 139 217 178
train-000939.jpg 1 52 200 202 211
train-000751.jpg 1 133 300 166 128
train-000920.jpg 1 184 131 100 105
train-000791.jpg 1 138 181 372 297
train-000795.jpg 1 203 143 276 321
train-000765.jpg 1 128 114 188 142
train-000796.jpg 1 126 141 427 264
train-000677.jpg 1 229 169 142 129
train-000184.jpg 1 244 170 133 48
train-000790.jpg 1 86 157 379 344
train-000936.jpg 1 314 64 247 176
train-000886.jpg 1 161 51 281 280
train-000753.jpg 1 186 166 171 115
train-000719.jpg 1 200 139 185 151
train-000919.jpg 1 189 80 250 259
train-000728.jpg 1 210 171 149 124
train-000185.jpg 1 265 157 97 42
train-000759.jpg 1 178 138 187 166
train-000792.jpg 1 50 174 386 284
train-000918.jpg 1 90 253 155 151
train-000739.jpg 1 528 49 77 78
